1.2350030000000030
2.1551823000000005
2.2583283300000000
2.3614353000000005
2.4950873000000016
2.5780503000000029
2.6622263000000049
2.7239413000000049
3.2396811000000038
4.6489817000000048
22.376849100000005
25.529493100000003
25.578064760000004
29.021846760000003
30.441531760000004
35.227494760000006
35.517302460000003
41.503437460000001
42.118959060000002
43.377807060000002
48.234100060000003
49.963300060000002
50.16770296
50.578309859999997
50.846181259999994
51.480974959999998
52.094458660000001
53.162945659999998
55.228265659999998
55.66952946
56.077235260000002
57.242564260000002
58.062938960000004
58.550205460000001
60.351150459999999
64.145544459999996
66.114663460000003
67.324485460000005
72.29198246
89.598712460000002
90.324415259999995
92.528364259999989
99.363484259999993
99.547848159999987
101.92280715999999
103.93716815999998
106.20522315999999
117.60265315999999
117.85832985999998
118.11114075999998
121.64076475999998
122.07252515999998
122.63397655999998
129.52167955999997
129.99406525999996
130.96517185999997
132.55658885999998
133.86157085999997
142.13225685999998
145.27639585999998
146.93102385999998
148.57337385999998
152.82766285999998
155.03765585999997
158.11979385999996
158.33181615999996
160.05290215999997
161.73896015999998
162.35295225999997
164.14848325999998
164.36632615999997
165.81447115999998
166.13766795999999
167.08443905999999
169.97618205999999
173.66001005999999
177.12678606
182.60930605999999
189.07203605999999
189.34747105999998
190.04316145999996
191.13779045999996
191.50986825999996
194.47697125999997
196.63481825999997
202.30552025999998
203.20724215999999
203.66849016
206.61675916000002
208.28890016000003
208.41282366000002
210.04642466000001
210.25395236000003
211.80712436000002
212.00520296000002
212.09160359000003
212.20469339000005
215.97515639000005
217.22481539000006
218.45632939000006
218.51347686000005
223.93503286000006
224.18847456000006
225.50391956000007
228.17618056000006
228.80618456000008
229.38236696000007
230.85232196000007
231.63728876000008
234.79818776000008
238.44028476000008
239.27964666000008
241.22199966000008
243.87995066000008
244.72484256000007
245.70777706000007
248.25065006000005
248.56499776000007
251.85612076000007
255.44224776000007
260.55985376000007
266.92046276000008
272.76111576000005
277.01140276000007
280.09181076000004
282.13992976000003
282.23443082000006
288.02270982000005
288.71233792000004
289.10385452000003
289.47640432000003
291.16266432000003
292.38221732000005
294.25102132000006
295.33967532000008
299.42255632000007
299.80275232000008
301.55194932000006
301.85971442000005
302.29132232000006
302.75359662000005
314.04754662000005
317.15564862000002
322.30779462000004
323.78723762000004
324.14000632000005
326.76048532000004
330.43643732000004
331.13792492000005
338.96854992000004
340.40571392000004
342.08492392000005
351.75794392000006
354.11358892000004
356.77902992000003
357.52142612
357.73586582000001
359.24957382000002
360.72770282000005
362.80892182000002
362.83457248000002
369.28156848000003
370.64754548000002
372.32328848000003
374.19969448000001
375.08444028000002
377.15417528
379.72591627999998
386.40045627999996
386.50662317999996
390.30487517999995
391.17409617999994
392.09298157999996
393.71350557999995
399.50142157999994
403.57562557999995
405.94796257999997
407.26974157999996
409.23016057999996
411.44351757999993
411.94829727999991
413.91617427999989
415.13533127999989
416.83310327999988
417.54329097999988
417.88891177999989
419.19637477999987
420.7438917799999
421.8310907799999
422.14228897999988
424.77112297999986
424.92965047999985
427.25406147999985
432.71729547999985
434.21450447999985
434.55691157999985
435.93133457999983
435.9568497799998
436.25695977999982
439.0393427799998
439.24396487999979
439.42027787999979
440.76320187999977
442.98657587999975
444.59268287999976
445.11882967999975
450.41424667999974
450.93147457999976
453.08490757999976
455.71413657999977
456.77697957999976
458.39055757999978
459.49817957999977
460.35307307999977
467.07288207999977
469.83517707999977
471.25163107999975
476.69996207999975
477.05857547999977
482.07077347999979
483.53053747999979
484.9599524799998
485.97979847999977
487.81848647999976
488.13918827999976
488.89940407999978
491.28433507999978
492.9468120799998
495.21785407999982
499.31336307999982
500.82680107999983
501.91299407999981
503.88940607999979
506.60090807999978
511.52997007999977
516.17318807999982
517.62159807999979
519.10746407999977
520.73636807999981
525.87734307999983
526.98303407999981
533.07925507999983
533.24023807999981
538.41006707999986
540.19630807999988
542.58013107999989
543.15904607999994
543.85329987999989
543.8810891899999
547.06425918999992
547.5176323899999
549.54887338999993
550.94149338999989
551.93144398999993
552.13466308999989
556.18285908999985
556.4687604899998
556.67804988999978
561.59803188999979
563.1488648899998
564.26959288999979
569.78588188999981
572.3242058899998
573.00774738999985
573.44549888999984
574.48366488999989
574.88102838999987
576.10086438999986
577.47441638999987
578.21501058999991
579.45591258999991
580.28927768999995
582.85543768999992
586.58775468999988
589.18304468999986
592.94799768999985
593.03468708999981
597.11955808999983
597.51130318999981
597.86594318999983
599.07604718999983
599.81402908999985
601.34368808999989
605.5100630899999
607.23586608999994
609.96359208999991
616.15957608999986
618.78868608999983
620.76801208999984
620.85288645999981
621.59413315999984
624.7602671599999
625.41806065999992
626.45752165999988
630.92089865999992
634.22901265999997
635.33867665999992
637.42189465999991
637.42819809599996
640.25550609599998
641.88977609599999
643.50407309599996
643.91226419599991
644.49501439599987
646.61623539599987
648.93849039599991
655.26114239599985
655.52932519599983
655.8893914959998
656.5529225959998
659.03873659599981
660.37196959599976
662.85061459599979
664.70040759599976
667.84717959599982
669.58032559599985
670.82407959599982
679.84805259599977
679.87401217599972
681.8558311759997
682.32240127599971
683.32992727599969
685.17686727599971
687.38256727599969
687.54265337599963
687.54932081399966
689.98174381399963
690.59249031399963
691.67122431399969
691.98507941399964
695.45084741399967
697.28436841399969
698.91837941399967
698.9416491239997
700.12480512399975
700.54805752399977
704.26486852399978
704.28422844399984
706.86477244399987
707.62737904399989
712.46884904399985
716.11370504399986
722.9617090439998
723.01598057399985
726.97689557399985
728.80364757399991
732.17766657399989
733.62813557399988
736.72961957399991
737.24052757399988
737.54475737399991
738.09701737399996
738.59165737399996
740.20693437399996
741.56347037399996
741.85530567399996
744.588315674
744.78744717400002
745.69424917399999
752.75204817400004
757.53116017400009
762.44477217400004
762.91343747400003
765.41078747400002
766.26489607400003
766.39508547399998
769.40451547399994
770.94824647399992
771.13817457399989
772.70262857399985
772.8869270739998
775.90352307399985
776.95262707399991
779.2031240739999
779.41581927399989
781.49210827399986
781.74882717399987
782.1393028739999
784.74985087399989
787.9947118739999
791.56196587399995
797.42177887399998
799.09805387400002
800.39700887399999
800.87755447400002
801.90062047399999
803.54174247399999
804.73095347399999
810.35733547400002
810.57118797400005
810.62980175400003
811.99843775400007
813.30837775400005
816.3485217540001
816.76252175400009
818.34879075400011
819.33606755400012
820.46779755400007
821.4658677540001
821.84813795400009
822.32111945400004
822.74841155400009
826.69009655400009
832.13010655400012
833.63867355400009
834.78356255400013
834.98367345400015
836.62172745400017
836.89020445400013
838.56145045400012
841.94801245400015
843.02967245400021
844.95891445400025
847.30974245400023
852.65528245400026
853.16931805400031
854.67486805400029
856.44076305400029
857.89414005400033
859.67469505400038
866.86279905400033
867.57720875400037
870.62546175400041
870.87685075400043
871.27501605400039
873.26718205400039
873.4344964540004
874.49885845400036
875.50700945400035
876.83693845400035
887.95268845400039
889.06872045400041
894.19524045400044
895.43891945400048
896.8911364540005
900.24603345400055
900.52961045400059
900.72310155400055
900.91530385400051
901.30871385400053
902.53824785400047
907.25107785400053
907.30578333400058
909.01851433400054
911.08419133400059
911.94006973400064
915.02157873400063
915.6417515340006
916.11195023400057
919.91231523400063
920.20387393400063
920.2220818140006
920.81601891400055
921.56539951400055
923.00973051400058
925.52592651400062
928.48101451400066
928.65909511400071
933.1209591140007
937.95362811400071
944.01916711400065
944.7610368140007
945.22151551400066
948.52033751400063
948.82406911400062
949.96669711400057
951.15264611400062
960.89532011400058
961.05924191400061
961.99958501400056
963.82400701400059
966.66066801400063
967.44845821400065
969.4704512140006
972.96529221400056
973.7567290140006
976.77510801400058
977.0000928140006
977.37738191400058
979.99127091400055
982.94499691400051
984.49997791400051
985.44760081400057
986.06868481400056
986.22046141400051
994.96014641400052
995.89456351400054
1000.5283115140005
